[gd_scene load_steps=6 format=3 uid="uid://bjnhfu1ekho3v"]

[ext_resource type="PackedScene" uid="uid://fk2ws4nkdayk" path="res://game/weapons/weapon_smg.tscn" id="2_0cfai"]
[ext_resource type="PackedScene" uid="uid://b6o8mp0jhq1nd" path="res://stages/tokyo.tscn" id="3_l0s8e"]
[ext_resource type="PackedScene" uid="uid://bs15p6iks3jtm" path="res://stages/main.tscn" id="3_rsuto"]
[ext_resource type="PackedScene" uid="uid://0s22t0uld35g" path="res://game/npc/npc_enemy_grunt.tscn" id="5_4p2hb"]
[ext_resource type="PackedScene" uid="uid://cf5ivignqtj7j" path="res://game/npc/npc_enemy_big_guy.tscn" id="6_4p2hb"]

[node name="Main" instance=ExtResource("3_rsuto")]

[node name="Player" parent="SubViewportContainer/SubViewport" index="0"]
transform = Transform3D(1, 0, 0, 0, 1, 0, 0, 0, 1, -21.517, -0.768494, 23.1692)
starting_weapon = ExtResource("2_0cfai")

[node name="Tokyo" parent="SubViewportContainer/SubViewport" index="2" instance=ExtResource("3_l0s8e")]
transform = Transform3D(1, 0, 0, 0, 1, 0, 0, 0, 1, -48, -9, -16)

[node name="NPCEnemy2" parent="." index="3" instance=ExtResource("6_4p2hb")]
transform = Transform3D(-0.757155, 0, -0.653236, 0, 1, 0, 0.653236, 0, -0.757155, -28.9287, -0.937023, 12.7352)
max_health = 30
health = 30

[node name="NPCEnemyGrunt" parent="." index="5" instance=ExtResource("5_4p2hb")]
transform = Transform3D(1, 0, 0, 0, 1, 0, 0, 0, 1, -2.81189, -0.904591, 31.3119)

[node name="NPCEnemyGrunt2" parent="." index="6" instance=ExtResource("5_4p2hb")]
transform = Transform3D(0.839278, 0, -0.543702, 0, 1, 0, 0.543702, 0, 0.839278, -1.35583, -0.904591, 31.3119)

[node name="NPCEnemyGrunt3" parent="." index="7" instance=ExtResource("5_4p2hb")]
transform = Transform3D(-0.88248, 0, -0.47035, 0, 1, 0, 0.47035, 0, -0.88248, -2.06964, -0.904591, 32.7379)

[node name="NPCEnemyGrunt4" parent="." index="8" instance=ExtResource("5_4p2hb")]
transform = Transform3D(1, 0, 0, 0, 1, 0, 0, 0, 1, 0.15661, -0.904591, 28.3119)

[node name="NPCEnemyGrunt5" parent="." index="9" instance=ExtResource("5_4p2hb")]
transform = Transform3D(0.839278, 0, -0.543702, 0, 1, 0, 0.543702, 0, 0.839278, 1.61267, -0.904591, 28.3119)

[node name="NPCEnemyGrunt6" parent="." index="10" instance=ExtResource("5_4p2hb")]
transform = Transform3D(-0.88248, 0, -0.47035, 0, 1, 0, 0.47035, 0, -0.88248, 0.89886, -0.904591, 29.7379)

[node name="NPCEnemyGrunt7" parent="." index="11" instance=ExtResource("5_4p2hb")]
transform = Transform3D(1, 0, 0, 0, 1, 0, 0, 0, 1, 9.48229, -0.904591, 20.4184)

[node name="NPCEnemyGrunt8" parent="." index="12" instance=ExtResource("5_4p2hb")]
transform = Transform3D(0.839278, 0, -0.543702, 0, 1, 0, 0.543702, 0, 0.839278, 10.9383, -0.904591, 20.4184)

[node name="NPCEnemyGrunt9" parent="." index="13" instance=ExtResource("5_4p2hb")]
transform = Transform3D(-0.88248, 0, -0.47035, 0, 1, 0, 0.47035, 0, -0.88248, 10.2245, -0.904591, 21.8444)
