[gd_scene load_steps=6 format=3 uid="uid://bjnhfu1ekho3v"]

[ext_resource type="PackedScene" uid="uid://bf8scixrnmfyr" path="res://game/weapons/weapon_revolver.tscn" id="2_rsuto"]
[ext_resource type="PackedScene" uid="uid://0s22t0uld35g" path="res://game/npc/npc_enemy.tscn" id="3_0cfai"]
[ext_resource type="PackedScene" uid="uid://b6o8mp0jhq1nd" path="res://stages/tokyo.tscn" id="3_l0s8e"]
[ext_resource type="PackedScene" uid="uid://bs15p6iks3jtm" path="res://stages/main.tscn" id="3_rsuto"]
[ext_resource type="PackedScene" uid="uid://2twnqkka80to" path="res://game/npc/npc_turret.tscn" id="5_0cfai"]

[node name="Main" instance=ExtResource("3_rsuto")]

[node name="Player" parent="SubViewportContainer/SubViewport" index="0"]
transform = Transform3D(1, 0, 0, 0, 1, 0, 0, 0, 1, -21.517, -0.768494, 23.1692)
starting_weapon = ExtResource("2_rsuto")

[node name="Tokyo" parent="SubViewportContainer/SubViewport" index="2" instance=ExtResource("3_l0s8e")]
transform = Transform3D(1, 0, 0, 0, 1, 0, 0, 0, 1, -48, -9, -16)

[node name="NPCEnemy" parent="." index="3" instance=ExtResource("3_0cfai")]
transform = Transform3D(-0.618011, 0, -0.78617, 0, 1, 0, 0.78617, 0, -0.618011, 7.57029, 8, 16.4299)

[node name="NPCEnemy2" parent="." index="4" instance=ExtResource("3_0cfai")]
transform = Transform3D(0.408012, 0, -0.912977, 0, 1, 0, 0.912977, 0, 0.408012, 7.57029, 8, 9.71246)

[node name="NPCEnemy3" parent="." index="5" instance=ExtResource("3_0cfai")]
transform = Transform3D(0.408012, 0, -0.912977, 0, 1, 0, 0.912977, 0, 0.408012, 7.57029, 3.00347, 9.71246)

[node name="NPCEnemy4" parent="." index="6" instance=ExtResource("3_0cfai")]
transform = Transform3D(0.408012, 0, -0.912977, 0, 1, 0, 0.912977, 0, 0.408012, 7.57029, 3.00347, 5.73734)

[node name="NPCEnemy5" parent="." index="7" instance=ExtResource("3_0cfai")]
transform = Transform3D(0.408012, 0, -0.912977, 0, 1, 0, 0.912977, 0, 0.408012, 7.20052, -1.22569, 7.12334)

[node name="NPCEnemy10" parent="." index="8" instance=ExtResource("3_0cfai")]
transform = Transform3D(0.408012, 0, -0.912977, 0, 1, 0, 0.912977, 0, 0.408012, 6.43178, -0.00880757, 2.1373)

[node name="NPCEnemy9" parent="." index="9" instance=ExtResource("3_0cfai")]
transform = Transform3D(0.408012, 0, -0.912977, 0, 1, 0, 0.912977, 0, 0.408012, 7.20789, -1.22569, 10.0314)

[node name="NPCEnemy8" parent="." index="10" instance=ExtResource("3_0cfai")]
transform = Transform3D(0.408012, 0, -0.912977, 0, 1, 0, 0.912977, 0, 0.408012, 5.38475, -1.22569, 5.73734)

[node name="NPCEnemy7" parent="." index="11" instance=ExtResource("3_0cfai")]
transform = Transform3D(0.408012, 0, -0.912977, 0, 1, 0, 0.912977, 0, 0.408012, -17.8574, -1.22569, 17.4355)

[node name="NPCEnemyTurret" parent="." index="12" instance=ExtResource("5_0cfai")]
transform = Transform3D(-0.747613, 0, -0.664135, 0, 1, 0, 0.664135, 0, -0.747613, -12.4041, 3.59572, 30.6188)

[node name="NPCEnemyTurret2" parent="." index="13" instance=ExtResource("5_0cfai")]
transform = Transform3D(-4.37114e-08, 0, -1, 1, -4.37114e-08, -4.37114e-08, -4.37114e-08, -1, 1.91069e-15, -13.0189, 3.99849, 32.3748)
