[gd_scene load_steps=12 format=3 uid="uid://bjnhfu1ekho3v"]

[ext_resource type="PackedScene" uid="uid://fk2ws4nkdayk" path="res://game/weapons/weapon_smg.tscn" id="2_0cfai"]
[ext_resource type="PackedScene" uid="uid://b6o8mp0jhq1nd" path="res://stages/tokyo.tscn" id="3_l0s8e"]
[ext_resource type="PackedScene" uid="uid://bs15p6iks3jtm" path="res://stages/main.tscn" id="3_rsuto"]
[ext_resource type="PackedScene" uid="uid://bbbv3fu0e64th" path="res://game/weapons/weapon_spawn.tscn" id="4_0cfai"]
[ext_resource type="PackedScene" uid="uid://bldqjyp2glnyx" path="res://game/npc/npc_enemy_big_guy.tscn" id="6_6p0xd"]
[ext_resource type="ArrayMesh" uid="uid://bwk3e8f81aln2" path="res://content/environment/background/fuji_MountFuji.res" id="7_6p0xd"]
[ext_resource type="PackedScene" uid="uid://0s22t0uld35g" path="res://game/npc/npc_enemy_grunt.tscn" id="7_aqw5h"]
[ext_resource type="AudioStream" uid="uid://cwqxssy57vtvh" path="res://gameplay01_loop.ogg" id="8_aqw5h"]
[ext_resource type="PackedScene" uid="uid://b0mg37m0iryg8" path="res://game/npc/npc_enemy_sniper.tscn" id="8_xm73y"]
[ext_resource type="PackedScene" uid="uid://cglxaun25ddhf" path="res://game/npc/npc_turret.tscn" id="11_v6np0"]
[ext_resource type="PackedScene" uid="uid://v0boycsgos0n" path="res://game/npc/npc_enemy_grunt_smg.tscn" id="12_55831"]

[node name="Main" instance=ExtResource("3_rsuto")]

[node name="Player" parent="SubViewportContainer/SubViewport" index="0"]
transform = Transform3D(1, 0, 0, 0, 1, 0, 0, 0, 1, -23.2138, -0.249504, 20.3649)
starting_weapon = ExtResource("2_0cfai")

[node name="Tokyo" parent="SubViewportContainer/SubViewport" index="2" instance=ExtResource("3_l0s8e")]
transform = Transform3D(1, 0, 0, 0, 1, 0, 0, 0, 1, -48, -9, -16)

[node name="WeaponSpawn" parent="SubViewportContainer/SubViewport" index="3" instance=ExtResource("4_0cfai")]
transform = Transform3D(1, 0, 0, 0, 1, 0, 0, 0, 1, 11.3937, 3.38193, 7.26274)
allow_shotgun = false
allow_revolver = false
allow_katana = false
allow_smg = false

[node name="WeaponSpawn9" parent="SubViewportContainer/SubViewport" index="4" instance=ExtResource("4_0cfai")]
transform = Transform3D(1, 0, 0, 0, 1, 0, 0, 0, 1, 12.2934, 3.38193, 1.87806)
allow_sniper = false
allow_katana = false
allow_smg = false

[node name="WeaponSpawn4" parent="SubViewportContainer/SubViewport" index="5" instance=ExtResource("4_0cfai")]
transform = Transform3D(1, 0, 0, 0, 1, 0, 0, 0, 1, -31.7069, 4.73293, -42.2819)
allow_sniper = false
allow_katana = false

[node name="WeaponSpawn5" parent="SubViewportContainer/SubViewport" index="6" instance=ExtResource("4_0cfai")]
transform = Transform3D(1, 0, 0, 0, 1, 0, 0, 0, 1, -102.473, 12.4838, -0.158592)
allow_sniper = false
allow_revolver = false
allow_katana = false
allow_smg = false

[node name="WeaponSpawn6" parent="SubViewportContainer/SubViewport" index="7" instance=ExtResource("4_0cfai")]
transform = Transform3D(1, 0, 0, 0, 1, 0, 0, 0, 1, -60.9813, 7.06921, 41.2712)
allow_shotgun = false
allow_revolver = false

[node name="WeaponSpawn7" parent="SubViewportContainer/SubViewport" index="8" instance=ExtResource("4_0cfai")]
transform = Transform3D(1, 0, 0, 0, 1, 0, 0, 0, 1, -23.9279, -0.121523, 58.638)
allow_shotgun = false
allow_sniper = false

[node name="WeaponSpawn2" parent="SubViewportContainer/SubViewport" index="9" instance=ExtResource("4_0cfai")]
transform = Transform3D(1, 0, 0, 0, 1, 0, 0, 0, 1, -22.0159, 0.335449, 17.1466)
allow_sniper = false
allow_katana = false

[node name="WeaponSpawn8" parent="SubViewportContainer/SubViewport" index="10" instance=ExtResource("4_0cfai")]
transform = Transform3D(1, 0, 0, 0, 1, 0, 0, 0, 1, -17.0208, 5.49023, 23.3446)
allow_katana = false
allow_smg = false

[node name="WeaponSpawn3" parent="SubViewportContainer/SubViewport" index="11" instance=ExtResource("4_0cfai")]
transform = Transform3D(1, 0, 0, 0, 1, 0, 0, 0, 1, 24, 0, 24)
allow_sniper = false
allow_katana = false

[node name="WeaponSpawn10" parent="SubViewportContainer/SubViewport" index="12" instance=ExtResource("4_0cfai")]
transform = Transform3D(1, 0, 0, 0, 1, 0, 0, 0, 1, 24.0167, 4, -3.50324)
allow_sniper = false
allow_revolver = false
allow_katana = false
allow_smg = false

[node name="FujiMountFuji" type="MeshInstance3D" parent="." index="4"]
transform = Transform3D(-4.27682, 0, -2.59014, 0, 5, 0, 2.59014, 0, -4.27682, 0, 228, 0)
mesh = ExtResource("7_6p0xd")

[node name="NPCS" type="Node3D" parent="." index="5"]

[node name="NPCEnemyBigGuy" parent="NPCS" index="0" instance=ExtResource("6_6p0xd")]
transform = Transform3D(0.718394, 0, 0.695637, 0, 1, 0, -0.695637, 0, 0.718394, -15.6511, -1.00463, 36.5567)

[node name="npc_grunt" parent="NPCS" index="1" instance=ExtResource("7_aqw5h")]
transform = Transform3D(1, 0, 2.98023e-08, 0, 1, 0, -2.98023e-08, 0, 1, -16.6588, -0.989803, 39.5677)

[node name="npc_grunt2" parent="NPCS" index="2" instance=ExtResource("7_aqw5h")]
transform = Transform3D(-0.309631, 0, -0.950857, 0, 1, 0, 0.950857, 0, -0.309631, -15.5981, -0.989803, 39.5677)

[node name="npc_grunt3" parent="NPCS" index="3" instance=ExtResource("7_aqw5h")]
transform = Transform3D(-0.855189, -0.143011, 0.498195, -0.139052, 0.989249, 0.04528, -0.499315, -0.030552, -0.865882, -15.5981, -0.989803, 40.4878)

[node name="npc_grunt4" parent="NPCS" index="4" instance=ExtResource("7_aqw5h")]
transform = Transform3D(-0.855189, -0.143011, 0.498195, -0.139052, 0.989249, 0.04528, -0.499315, -0.030552, -0.865882, -16.5669, -0.989803, 41.0372)

[node name="npc_grunt5" parent="NPCS" index="5" instance=ExtResource("7_aqw5h")]
transform = Transform3D(-4.37114e-08, 0, 1, 0, 1, 0, -1, 0, -4.37114e-08, -16.5669, -0.70583, 3.03719)

[node name="npc_grunt6" parent="NPCS" index="6" instance=ExtResource("7_aqw5h")]
transform = Transform3D(-0.258819, 0, 0.965925, 0, 1, 0, -0.965925, 0, -0.258819, -14.5669, -0.807072, 6.03719)

[node name="npc_grunt7" parent="NPCS" index="7" instance=ExtResource("7_aqw5h")]
transform = Transform3D(-0.855189, -0.143011, 0.498195, -0.139052, 0.989249, 0.04528, -0.499315, -0.030552, -0.865882, -43.5669, -0.989803, 0.0371361)

[node name="npc_grunt8" parent="NPCS" index="8" instance=ExtResource("7_aqw5h")]
transform = Transform3D(-0.855189, -0.143011, 0.498195, -0.139052, 0.989249, 0.04528, -0.499315, -0.030552, -0.865882, -41.5668, -0.624087, 4.03719)

[node name="NPCEnemySniper" parent="NPCS" index="9" instance=ExtResource("8_xm73y")]
transform = Transform3D(-0.933412, 0, -0.358808, 0, 1, 0, 0.358808, 0, -0.933412, 29, 6, 36)
target_lock_time = 0.3

[node name="NPCEnemySniper18" parent="NPCS" index="10" instance=ExtResource("8_xm73y")]
transform = Transform3D(-0.381248, 0, 0.924473, 0, 1, 0, -0.924473, 0, -0.381248, 29, 6, 49.6918)
target_lock_time = 0.3

[node name="NPCEnemySniper2" parent="NPCS" index="11" instance=ExtResource("8_xm73y")]
transform = Transform3D(1, 0, 2.98023e-08, 0, 1, 0, -2.98023e-08, 0, 1, 19, 4, 9.00003)
target_lock_time = 0.3

[node name="NPCEnemySniper3" parent="NPCS" index="12" instance=ExtResource("8_xm73y")]
transform = Transform3D(0.124052, 0, -0.992276, 0, 1, 0, 0.992276, 0, 0.124052, 7.99996, 3, 3.00003)
target_lock_time = 0.3

[node name="NPCEnemySniper17" parent="NPCS" index="13" instance=ExtResource("8_xm73y")]
transform = Transform3D(0.124052, 0, -0.992276, 0, 1, 0, 0.992276, 0, 0.124052, 7.99996, -0.811727, 10.6084)
target_lock_time = 0.3

[node name="NPCEnemySniper4" parent="NPCS" index="14" instance=ExtResource("8_xm73y")]
transform = Transform3D(0.941929, 0, -0.335813, 0, 1, 0, 0.335813, 0, 0.941929, 31.714, 6.28618, -23.1218)
target_lock_time = 0.3

[node name="NPCEnemySniper5" parent="NPCS" index="15" instance=ExtResource("8_xm73y")]
transform = Transform3D(1, 0, 2.98023e-08, 0, 1, 0, -2.98023e-08, 0, 1, 35.8221, 6.28618, -23.1218)
target_lock_time = 0.3

[node name="NPCEnemySniper6" parent="NPCS" index="16" instance=ExtResource("8_xm73y")]
transform = Transform3D(-0.0295267, 0, 0.999564, 0, 1, 0, -0.999564, 0, -0.0295267, -26.119, 4.21097, -40.7884)
target_lock_time = 0.3

[node name="NPCEnemySniper7" parent="NPCS" index="17" instance=ExtResource("8_xm73y")]
transform = Transform3D(-0.998146, 0, -0.0608744, 0, 1, 0, 0.0608744, 0, -0.998146, -81.1529, -1.10875, 38.4174)
target_lock_time = 0.3

[node name="NPCEnemySniper8" parent="NPCS" index="18" instance=ExtResource("8_xm73y")]
transform = Transform3D(1, 0, 2.98023e-08, 0, 1, 0, -2.98023e-08, 0, 1, -78.0367, -1.10875, 42.6836)
target_lock_time = 0.3

[node name="NPCEnemySniper9" parent="NPCS" index="19" instance=ExtResource("8_xm73y")]
transform = Transform3D(-0.549125, 0, -0.83574, 0, 1, 0, 0.83574, 0, -0.549125, -76.0875, -1.10875, 38.6352)
target_lock_time = 0.3

[node name="NPCEnemySniper10" parent="NPCS" index="20" instance=ExtResource("8_xm73y")]
transform = Transform3D(-0.999974, 0, 0.00727811, 0, 1, 0, -0.00727811, 0, -0.999974, 31.4619, -1.10875, 30.7934)
target_lock_time = 0.3

[node name="NPCEnemySniper11" parent="NPCS" index="21" instance=ExtResource("8_xm73y")]
transform = Transform3D(-0.539491, 0, -0.841992, 0, 1, 0, 0.841992, 0, -0.539491, 51.8134, 2.23434, 31.0267)
target_lock_time = 0.3

[node name="NPCEnemySniper12" parent="NPCS" index="22" instance=ExtResource("8_xm73y")]
transform = Transform3D(-0.58517, 0, 0.810911, 0, 1, 0, -0.810911, 0, -0.58517, -109.817, 19.2022, 7.17947)
target_lock_time = 0.3

[node name="NPCEnemySniper13" parent="NPCS" index="23" instance=ExtResource("8_xm73y")]
transform = Transform3D(0.849856, 0, -0.527015, 0, 1, 0, 0.527015, 0, 0.849856, 12.83, 8.16175, 16.5468)
target_lock_time = 0.3

[node name="NPCEnemySniper14" parent="NPCS" index="24" instance=ExtResource("8_xm73y")]
transform = Transform3D(1, 0, 2.98023e-08, 0, 1, 0, -2.98023e-08, 0, 1, -29.7105, 11.2596, 69.1115)
target_lock_time = 0.3

[node name="NPCEnemySniper15" parent="NPCS" index="25" instance=ExtResource("8_xm73y")]
transform = Transform3D(-0.994825, 0, 0.101612, 0, 1, 0, -0.101612, 0, -0.994825, -30.7621, 11.2596, 89.0771)
target_lock_time = 0.3

[node name="NPCEnemySniper16" parent="NPCS" index="26" instance=ExtResource("8_xm73y")]
transform = Transform3D(-0.371643, 0, -0.928376, 0, 1, 0, 0.928376, 0, -0.371643, 42.8375, 19.0861, 27.6323)
target_lock_time = 0.3

[node name="NPCEnemyTurret" parent="NPCS" index="27" instance=ExtResource("11_v6np0")]
transform = Transform3D(0.0642885, 0, -0.997931, 0, 1, 0, 0.997931, 0, 0.0642885, 23.2212, 2.67664, -3.87561)

[node name="npc_grunt9" parent="NPCS" index="28" instance=ExtResource("12_55831")]
transform = Transform3D(-0.960958, 0, -0.276694, 0, 1, 0, 0.276694, 0, -0.960958, -29.0206, -0.6002, 44.7036)

[node name="npc_grunt10" parent="NPCS" index="29" instance=ExtResource("12_55831")]
transform = Transform3D(-0.349014, 0, -0.937118, 0, 1, 0, 0.937118, 0, -0.349014, -24.8227, -0.6002, 43.6565)

[node name="npc_grunt11" parent="NPCS" index="30" instance=ExtResource("12_55831")]
transform = Transform3D(-0.576176, 0, -0.817326, 0, 1, 0, 0.817326, 0, -0.576176, -24.8227, -0.6002, 53.0019)

[node name="npc_grunt12" parent="NPCS" index="31" instance=ExtResource("12_55831")]
transform = Transform3D(-0.265253, 0, -0.964179, 0, 1, 0, 0.964179, 0, -0.265253, -27.2751, -0.6002, 54.9707)

[node name="npc_grunt13" parent="NPCS" index="32" instance=ExtResource("12_55831")]
transform = Transform3D(-0.774812, 0, -0.632192, 0, 1, 0, 0.632192, 0, -0.774812, 3.24039, -0.555474, 60.9757)

[node name="npc_grunt14" parent="NPCS" index="33" instance=ExtResource("12_55831")]
transform = Transform3D(-0.437932, 0, 0.899008, 0, 1, 0, -0.899008, 0, -0.437932, 38.6519, -0.555474, 41.073)

[node name="npc_grunt15" parent="NPCS" index="34" instance=ExtResource("12_55831")]
transform = Transform3D(-0.81826, 0, -0.574848, 0, 1, 0, 0.574848, 0, -0.81826, 36.5485, -0.758973, 46.4347)

[node name="npc_grunt16" parent="NPCS" index="35" instance=ExtResource("12_55831")]
transform = Transform3D(-0.762262, 2.12968e-09, -0.647269, -1.14633e-08, 1, 1.03901e-08, 0.647269, -1.52868e-08, -0.762262, 45.3614, -0.754585, 44.1578)

[node name="npc_grunt17" parent="NPCS" index="36" instance=ExtResource("12_55831")]
transform = Transform3D(0.994279, 0, 0.106819, 0, 1, 0, -0.106819, 0, 0.994279, 29.6892, -0.730037, 9.16148)

[node name="npc_grunt42" parent="NPCS" index="37" instance=ExtResource("12_55831")]
transform = Transform3D(-0.927908, 0, 0.37281, 0, 1, 0, -0.37281, 0, -0.927908, 19.6041, -0.730037, 9.16148)

[node name="npc_grunt43" parent="NPCS" index="38" instance=ExtResource("12_55831")]
transform = Transform3D(0.986498, 0, -0.163774, 0, 1, 0, 0.163774, 0, 0.986498, 18.4057, -0.730037, 1.35874)

[node name="npc_grunt44" parent="NPCS" index="39" instance=ExtResource("12_55831")]
transform = Transform3D(0.0033509, 0, 0.999995, 0, 1, 0, -0.999995, 0, 0.0033509, 16.9861, -0.730037, -27.2477)

[node name="npc_grunt45" parent="NPCS" index="40" instance=ExtResource("12_55831")]
transform = Transform3D(-0.21112, 0, -0.97746, 0, 1, 0, 0.97746, 0, -0.21112, 24.9966, 6.22016, -29.2749)

[node name="npc_grunt18" parent="NPCS" index="41" instance=ExtResource("12_55831")]
transform = Transform3D(-0.489489, 0, 0.87201, 0, 1, 0, -0.87201, 0, -0.489489, 31.5761, -0.730037, 7.41594)

[node name="npc_grunt19" parent="NPCS" index="42" instance=ExtResource("12_55831")]
transform = Transform3D(1, 0, 2.98023e-08, 0, 1, 0, -2.98023e-08, 0, 1, 36.4953, -0.383128, 11.6673)

[node name="npc_grunt20" parent="NPCS" index="43" instance=ExtResource("12_55831")]
transform = Transform3D(1, 0, 2.98023e-08, 0, 1, 0, -2.98023e-08, 0, 1, 51.6396, 9.1657, 9.31832)

[node name="npc_grunt21" parent="NPCS" index="44" instance=ExtResource("12_55831")]
transform = Transform3D(1, 0, 2.98023e-08, 0, 1, 0, -2.98023e-08, 0, 1, 53.6413, 9.1657, 6.1419)

[node name="npc_grunt22" parent="NPCS" index="45" instance=ExtResource("12_55831")]
transform = Transform3D(1, 0, 2.98023e-08, 0, 1, 0, -2.98023e-08, 0, 1, 53.6413, 15.3593, 6.1419)

[node name="npc_grunt23" parent="NPCS" index="46" instance=ExtResource("12_55831")]
transform = Transform3D(1, 0, 2.98023e-08, 0, 1, 0, -2.98023e-08, 0, 1, 42.5145, 15.3593, 22.3915)

[node name="npc_grunt24" parent="NPCS" index="47" instance=ExtResource("12_55831")]
transform = Transform3D(-0.244647, 0, -0.969612, 0, 1, 0, 0.969612, 0, -0.244647, 41.9869, 15.3593, 25.2947)

[node name="npc_grunt25" parent="NPCS" index="48" instance=ExtResource("12_55831")]
transform = Transform3D(1, 0, 2.98023e-08, 0, 1, 0, -2.98023e-08, 0, 1, 41.9869, 4.20439, 46.9418)

[node name="NPCEnemyBigGuy2" parent="NPCS" index="49" instance=ExtResource("6_6p0xd")]
transform = Transform3D(0.928732, 0, 0.370752, 0, 1, 0, -0.370752, 0, 0.928732, 19.0245, -0.969456, 13.1541)

[node name="NPCEnemyBigGuy3" parent="NPCS" index="50" instance=ExtResource("6_6p0xd")]
transform = Transform3D(-0.986879, 0, 0.161466, 0, 1, 0, -0.161466, 0, -0.986879, -40.2003, 4.1467, -49.6587)

[node name="NPCEnemyBigGuy4" parent="NPCS" index="51" instance=ExtResource("6_6p0xd")]
transform = Transform3D(1, 0, 2.98023e-08, 0, 1, 0, -2.98023e-08, 0, 1, -20.6683, -6.84353, -77.8347)

[node name="NPCEnemyBigGuy5" parent="NPCS" index="52" instance=ExtResource("6_6p0xd")]
transform = Transform3D(0.768474, 0, -0.639882, 0, 1, 0, 0.639882, 0, 0.768474, 4.58578, -6.84353, -44.6567)

[node name="NPCEnemyBigGuy6" parent="NPCS" index="53" instance=ExtResource("6_6p0xd")]
transform = Transform3D(-0.344594, 0, 0.938752, 0, 1, 0, -0.938752, 0, -0.344594, -8.37476, -6.84353, -42.8138)

[node name="NPCEnemyBigGuy7" parent="NPCS" index="54" instance=ExtResource("6_6p0xd")]
transform = Transform3D(-0.97749, 0, 0.210984, 0, 1, 0, -0.210984, 0, -0.97749, 10.7679, -6.74002, -42.4182)

[node name="NPCEnemyBigGuy8" parent="NPCS" index="55" instance=ExtResource("6_6p0xd")]
transform = Transform3D(0.992117, 0, -0.125316, 0, 1, 0, 0.125316, 0, 0.992117, 26.4684, 6.15337, -43.4201)

[node name="NPCEnemyBigGuy9" parent="NPCS" index="56" instance=ExtResource("6_6p0xd")]
transform = Transform3D(-0.643897, 0, -0.765113, 0, 1, 0, 0.765113, 0, -0.643897, 37.9611, 15.3509, 14.1177)

[node name="NPCEnemyBigGuy10" parent="NPCS" index="57" instance=ExtResource("6_6p0xd")]
transform = Transform3D(1, 0, 2.98023e-08, 0, 1, 0, -2.98023e-08, 0, 1, 32.5, 15.3509, 38.8931)

[node name="NPCEnemyBigGuy11" parent="NPCS" index="58" instance=ExtResource("6_6p0xd")]
transform = Transform3D(-0.475194, 0, -0.879881, 0, 1, 0, 0.879881, 0, -0.475194, 32.4999, -0.867018, 56.2488)

[node name="NPCEnemyBigGuy12" parent="NPCS" index="59" instance=ExtResource("6_6p0xd")]
transform = Transform3D(0.0356147, 0, 0.999366, 0, 1, 0, -0.999366, 0, 0.0356147, 52.7328, -4.84071, 56.2488)

[node name="NPCEnemyBigGuy13" parent="NPCS" index="60" instance=ExtResource("6_6p0xd")]
transform = Transform3D(0.415551, 0, -0.90957, 0, 1, 0, 0.90957, 0, 0.415551, 56.0367, 9.29552, 13.7871)

[node name="NPCEnemyBigGuy14" parent="NPCS" index="61" instance=ExtResource("6_6p0xd")]
transform = Transform3D(-0.996165, 0, 0.0875037, 0, 1, 0, -0.0875037, 0, -0.996165, -78.4841, -0.68304, 33.4144)

[node name="NPCEnemyBigGuy15" parent="NPCS" index="62" instance=ExtResource("6_6p0xd")]
transform = Transform3D(-0.726791, 0, -0.686859, 0, 1, 0, 0.686859, 0, -0.726791, -91.0213, -0.68304, 35.3048)

[node name="NPCEnemyBigGuy16" parent="NPCS" index="63" instance=ExtResource("6_6p0xd")]
transform = Transform3D(-0.745732, 0, 0.666246, 0, 1, 0, -0.666246, 0, -0.745732, -89.7223, 5.51654, 61.1454)

[node name="NPCEnemyBigGuy17" parent="NPCS" index="64" instance=ExtResource("6_6p0xd")]
transform = Transform3D(-0.797889, 0, 0.602804, 0, 1, 0, -0.602804, 0, -0.797889, -30.5185, 5.32787, 77.1257)

[node name="npc_grunt26" parent="NPCS" index="65" instance=ExtResource("7_aqw5h")]
transform = Transform3D(-0.963994, 0, 0.265926, 0, 1, 0, -0.265926, 0, -0.963994, 0.119951, -0.212495, 22)

[node name="npc_grunt27" parent="NPCS" index="66" instance=ExtResource("7_aqw5h")]
transform = Transform3D(1, 0, 2.98023e-08, 0, 1, 0, -2.98023e-08, 0, 1, -10.765, 1.32712, 22.8276)

[node name="npc_grunt41" parent="NPCS" index="67" instance=ExtResource("7_aqw5h")]
transform = Transform3D(-0.991457, 0, 0.13044, 0, 1, 0, -0.13044, 0, -0.991457, -14.6585, -0.413791, 28.0351)

[node name="npc_grunt28" parent="NPCS" index="68" instance=ExtResource("7_aqw5h")]
transform = Transform3D(-0.52829, 0, 0.849064, 0, 1, 0, -0.849064, 0, -0.52829, -8.99674, 1.32712, 23.5679)

[node name="npc_grunt29" parent="NPCS" index="69" instance=ExtResource("7_aqw5h")]
transform = Transform3D(1, 0, 2.98023e-08, 0, 1, 0, -2.98023e-08, 0, 1, 3.32673, -0.619621, -27.3525)

[node name="npc_grunt46" parent="NPCS" index="70" instance=ExtResource("7_aqw5h")]
transform = Transform3D(1, 0, 2.98023e-08, 0, 1, 0, -2.98023e-08, 0, 1, -21.8722, -0.619621, -45.1365)

[node name="npc_grunt47" parent="NPCS" index="71" instance=ExtResource("7_aqw5h")]
transform = Transform3D(1, 0, 2.98023e-08, 0, 1, 0, -2.98023e-08, 0, 1, -20.9968, -0.619621, -50.4056)

[node name="npc_grunt48" parent="NPCS" index="72" instance=ExtResource("7_aqw5h")]
transform = Transform3D(1, 0, 2.98023e-08, 0, 1, 0, -2.98023e-08, 0, 1, -17.6837, -0.619621, -50.4056)

[node name="npc_grunt49" parent="NPCS" index="73" instance=ExtResource("7_aqw5h")]
transform = Transform3D(1, 0, 2.98023e-08, 0, 1, 0, -2.98023e-08, 0, 1, -28.6827, -0.619621, -48.4365)

[node name="npc_grunt30" parent="NPCS" index="74" instance=ExtResource("7_aqw5h")]
transform = Transform3D(1, 0, 2.98023e-08, 0, 1, 0, -2.98023e-08, 0, 1, 5.2543, -0.619621, -29.6795)

[node name="npc_grunt31" parent="NPCS" index="75" instance=ExtResource("7_aqw5h")]
transform = Transform3D(0.564247, 0, -0.825606, 0, 1, 0, 0.825606, 0, 0.564247, 31.216, -0.619621, -24.3518)

[node name="npc_grunt32" parent="NPCS" index="76" instance=ExtResource("7_aqw5h")]
transform = Transform3D(0.385536, 0, -0.922693, 0, 1, 0, 0.922693, 0, 0.385536, 29.5771, -0.253365, -26.2321)

[node name="npc_grunt33" parent="NPCS" index="77" instance=ExtResource("7_aqw5h")]
transform = Transform3D(1, 0, 2.98023e-08, 0, 1, 0, -2.98023e-08, 0, 1, 31.3073, -0.354058, -29.8237)

[node name="npc_grunt34" parent="NPCS" index="78" instance=ExtResource("7_aqw5h")]
transform = Transform3D(1, 0, 2.98023e-08, 0, 1, 0, -2.98023e-08, 0, 1, 35.3541, -0.354058, 14.4337)

[node name="npc_grunt35" parent="NPCS" index="79" instance=ExtResource("7_aqw5h")]
transform = Transform3D(-0.589056, 0, 0.808093, 0, 1, 0, -0.808093, 0, -0.589056, 25.6213, 1.46419, 42.8848)

[node name="npc_grunt36" parent="NPCS" index="80" instance=ExtResource("7_aqw5h")]
transform = Transform3D(1, 0, 2.98023e-08, 0, 1, 0, -2.98023e-08, 0, 1, 23.383, 1.46419, 41.9517)

[node name="npc_grunt37" parent="NPCS" index="81" instance=ExtResource("7_aqw5h")]
transform = Transform3D(0.587814, 0, 0.808997, 0, 1, 0, -0.808997, 0, 0.587814, 21.8054, 1.46419, 43.148)

[node name="npc_grunt38" parent="NPCS" index="82" instance=ExtResource("7_aqw5h")]
transform = Transform3D(-0.812175, 0, 0.583414, 0, 1, 0, -0.583414, 0, -0.812175, -6.87696, -0.688374, 60.279)

[node name="npc_grunt39" parent="NPCS" index="83" instance=ExtResource("7_aqw5h")]
transform = Transform3D(1, 0, 2.98023e-08, 0, 1, 0, -2.98023e-08, 0, 1, -70.2517, -0.688374, 23.1001)

[node name="npc_grunt40" parent="NPCS" index="84" instance=ExtResource("7_aqw5h")]
transform = Transform3D(-0.0629996, 0, 0.998014, 0, 1, 0, -0.998014, 0, -0.0629996, -109.069, 19.2254, 18.9103)

[node name="NPCEnemyTurret2" parent="NPCS" index="85" instance=ExtResource("11_v6np0")]
transform = Transform3D(-0.378342, 0, -0.925666, 0, 1, 0, 0.925666, 0, -0.378342, 48.4134, 2.76573, 40.8641)

[node name="NPCEnemyTurret3" parent="NPCS" index="86" instance=ExtResource("11_v6np0")]
transform = Transform3D(1, 0, 2.98023e-08, 0, 1, 0, -2.98023e-08, 0, 1, 48.4134, 13.6116, 13.8358)

[node name="NPCEnemyTurret4" parent="NPCS" index="87" instance=ExtResource("11_v6np0")]
transform = Transform3D(1, 0, 2.98023e-08, 0, 1, 0, -2.98023e-08, 0, 1, 45.2163, 22.7362, 8.23008)

[node name="NPCEnemyTurret5" parent="NPCS" index="88" instance=ExtResource("11_v6np0")]
transform = Transform3D(1, 0, 2.98023e-08, 0, 1, 0, -2.98023e-08, 0, 1, 25.0981, 11.8283, -31.6289)

[node name="NPCEnemyTurret6" parent="NPCS" index="89" instance=ExtResource("11_v6np0")]
transform = Transform3D(1, 0, 2.98023e-08, 0, 1, 0, -2.98023e-08, 0, 1, 31.2448, 13.6479, 11.2418)

[node name="npc_grunt50" parent="NPCS" index="90" instance=ExtResource("12_55831")]
transform = Transform3D(1, 0, 0, 0, 1, 0, 0, 0, 1, -17.0549, 5.40029, 26.6042)

[node name="npc_grunt51" parent="NPCS" index="91" instance=ExtResource("12_55831")]
transform = Transform3D(-0.189575, 0, -0.981866, 0, 1, 0, 0.981866, 0, -0.189575, 45.2875, -0.502972, -51.3971)

[node name="npc_grunt53" parent="NPCS" index="92" instance=ExtResource("12_55831")]
transform = Transform3D(0.262863, 0, -0.964833, 0, 1, 0, 0.964833, 0, 0.262863, 46.2273, -0.502972, -57.4885)

[node name="npc_grunt54" parent="NPCS" index="93" instance=ExtResource("12_55831")]
transform = Transform3D(-0.807959, 0, -0.589239, 0, 1, 0, 0.589239, 0, -0.807959, 33.8899, 6.16561, -47.93)

[node name="npc_grunt55" parent="NPCS" index="94" instance=ExtResource("12_55831")]
transform = Transform3D(0.896092, 0, -0.443869, 0, 1, 0, 0.443869, 0, 0.896092, -4.15353, 5.90581, -128.847)

[node name="npc_grunt56" parent="NPCS" index="95" instance=ExtResource("12_55831")]
transform = Transform3D(0.616074, 0, -0.787688, 0, 1, 0, 0.787688, 0, 0.616074, -2.13927, 5.90581, -125.907)

[node name="npc_grunt57" parent="NPCS" index="96" instance=ExtResource("12_55831")]
transform = Transform3D(0.616074, 0, -0.787688, 0, 1, 0, 0.787688, 0, 0.616074, -1.81435, -6.84788, -103.593)

[node name="npc_grunt58" parent="NPCS" index="97" instance=ExtResource("12_55831")]
transform = Transform3D(0.553043, 0, -0.833153, 0, 1, 0, 0.833153, 0, 0.553043, 0.460284, -6.84788, -103.593)

[node name="npc_grunt59" parent="NPCS" index="98" instance=ExtResource("12_55831")]
transform = Transform3D(-0.77269, 0, -0.634785, 0, 1, 0, 0.634785, 0, -0.77269, 5.73562, -6.84788, -72.9159)

[node name="npc_grunt60" parent="NPCS" index="99" instance=ExtResource("12_55831")]
transform = Transform3D(0.997956, 0, -0.0639054, 0, 1, 0, 0.0639054, 0, 0.997956, 10.2916, 8.06345, 1.74941)

[node name="npc_grunt61" parent="NPCS" index="100" instance=ExtResource("12_55831")]
transform = Transform3D(-0.276946, 0, -0.960886, 0, 1, 0, 0.960886, 0, -0.276946, 22.0443, 8.06345, 8.79556)

[node name="npc_grunt62" parent="NPCS" index="101" instance=ExtResource("12_55831")]
transform = Transform3D(-0.978394, 0, -0.206751, 0, 1, 0, 0.206751, 0, -0.978394, -26.9634, 4.47241, -36.3571)

[node name="npc_grunt52" parent="NPCS" index="102" instance=ExtResource("12_55831")]
transform = Transform3D(0.92116, 0.0208548, -0.388625, -0.0315933, 0.999275, -0.0212616, 0.3879, 0.0318633, 0.92115, 42.1927, -0.502972, -40.7881)

[node name="AudioStreamPlayer" type="AudioStreamPlayer" parent="." index="6"]
stream = ExtResource("8_aqw5h")
